3504.0,12.0,130.0,307.0,8.0,18.0
3693.0,11.5,165.0,350.0,8.0,15.0
3436.0,11.0,150.0,318.0,8.0,18.0
3433.0,12.0,150.0,304.0,8.0,16.0
3449.0,10.5,140.0,302.0,8.0,17.0
4341.0,10.0,198.0,429.0,8.0,15.0
4354.0,9.0,220.0,454.0,8.0,14.0
4312.0,8.5,215.0,440.0,8.0,14.0
4425.0,10.0,225.0,455.0,8.0,14.0
3850.0,8.5,190.0,390.0,8.0,15.0
3563.0,10.0,170.0,383.0,8.0,15.0
3609.0,8.0,160.0,340.0,8.0,14.0
3761.0,9.5,150.0,400.0,8.0,15.0
3086.0,10.0,225.0,455.0,8.0,14.0
2372.0,15.0,95.0,113.0,4.0,24.0
2833.0,15.5,95.0,198.0,6.0,22.0
2774.0,15.5,97.0,199.0,6.0,18.0
2587.0,16.0,85.0,200.0,6.0,21.0
2130.0,14.5,88.0,97.0,4.0,27.0
1835.0,20.5,46.0,97.0,4.0,26.0
2672.0,17.5,87.0,110.0,4.0,25.0
2430.0,14.5,90.0,107.0,4.0,24.0
2375.0,17.5,95.0,104.0,4.0,25.0
2234.0,12.5,113.0,121.0,4.0,26.0
2648.0,15.0,90.0,199.0,6.0,21.0
4615.0,14.0,215.0,360.0,8.0,10.0
4376.0,15.0,200.0,307.0,8.0,10.0
4382.0,13.5,210.0,318.0,8.0,11.0
4732.0,18.5,193.0,304.0,8.0,9.0
2130.0,14.5,88.0,97.0,4.0,27.0
2264.0,15.5,90.0,140.0,4.0,28.0
2228.0,14.0,95.0,113.0,4.0,25.0
19.0,98.0,4.0,25.0
2634.0,13.0,100.0,232.0,6.0,19.0
3439.0,15.5,105.0,225.0,6.0,16.0
3329.0,15.5,100.0,250.0,6.0,17.0
3302.0,15.5,88.0,250.0,6.0,19.0
3288.0,15.5,100.0,232.0,6.0,18.0
4209.0,12.0,165.0,350.0,8.0,14.0
4464.0,11.5,175.0,400.0,8.0,14.0
4154.0,13.5,153.0,351.0,8.0,14.0
4096.0,13.0,150.0,318.0,8.0,14.0
4955.0,11.5,180.0,383.0,8.0,12.0
4746.0,12.0,170.0,400.0,8.0,13.0
5140.0,12.0,175.0,400.0,8.0,13.0
2962.0,13.5,110.0,258.0,6.0,18.0
2408.0,19.0,72.0,140.0,4.0,22.0
3282.0,15.0,100.0,250.0,6.0,19.0
3139.0,14.5,88.0,250.0,6.0,18.0
2220.0,14.0,86.0,122.0,4.0,23.0
2123.0,14.0,90.0,116.0,4.0,28.0
2074.0,19.5,70.0,79.0,4.0,30.0
2065.0,14.5,76.0,88.0,4.0,30.0
1773.0,19.0,65.0,71.0,4.0,31.0
1613.0,18.0,69.0,72.0,4.0,35.0
1834.0,19.0,60.0,97.0,4.0,27.0
1955.0,20.5,70.0,91.0,4.0,26.0
2278.0,15.5,95.0,113.0,4.0,24.0
2126.0,17.0,80.0,97.5,4.0,25.0
2254.0,23.5,54.0,97.0,4.0,23.0
2408.0,19.5,90.0,140.0,4.0,20.0
2226.0,16.5,86.0,122.0,4.0,21.0
4274.0,12.0,165.0,350.0,8.0,13.0
4385.0,12.0,175.0,400.0,8.0,14.0
4135.0,13.5,150.0,318.0,8.0,15.0
4129.0,13.0,153.0,351.0,8.0,14.0
3672.0,11.5,150.0,304.0,8.0,17.0
4633.0,11.0,208.0,429.0,8.0,11.0
4502.0,13.5,155.0,350.0,8.0,13.0
4456.0,13.5,160.0,350.0,8.0,12.0
4422.0,12.5,190.0,400.0,8.0,13.0
2330.0,13.5,97.0,70.0,3.0,19.0
3892.0,12.5,150.0,304.0,8.0,15.0
4098.0,14.0,130.0,307.0,8.0,13.0
4294.0,16.0,140.0,302.0,8.0,13.0
4077.0,14.0,150.0,318.0,8.0,14.0
2933.0,14.5,112.0,121.0,4.0,18.0
2511.0,18.0,76.0,121.0,4.0,22.0
2979.0,19.5,87.0,120.0,4.0,21.0
2189.0,18.0,69.0,96.0,4.0,26.0
2395.0,16.0,86.0,122.0,4.0,22.0
2288.0,17.0,92.0,97.0,4.0,28.0
2506.0,14.5,97.0,120.0,4.0,23.0
2164.0,15.0,80.0,98.0,4.0,28.0
2100.0,16.5,88.0,97.0,4.0,27.0
4100.0,13.0,175.0,350.0,8.0,13.0
3672.0,11.5,150.0,304.0,8.0,14.0
3988.0,13.0,145.0,350.0,8.0,13.0
4042.0,14.5,137.0,302.0,8.0,14.0
3777.0,12.5,150.0,318.0,8.0,15.0
4952.0,11.5,198.0,429.0,8.0,12.0
4464.0,12.0,150.0,400.0,8.0,13.0
4363.0,13.0,158.0,351.0,8.0,13.0
4237.0,14.5,150.0,318.0,8.0,14.0
4735.0,11.0,215.0,440.0,8.0,13.0
4951.0,11.0,225.0,455.0,8.0,12.0
3821.0,11.0,175.0,360.0,8.0,13.0
3121.0,16.5,105.0,225.0,6.0,18.0
3278.0,18.0,100.0,250.0,6.0,16.0
2945.0,16.0,100.0,232.0,6.0,18.0
3021.0,16.5,88.0,250.0,6.0,18.0
2904.0,16.0,95.0,198.0,6.0,23.0
1950.0,21.0,46.0,97.0,4.0,26.0
4997.0,14.0,150.0,400.0,8.0,11.0
4906.0,12.5,167.0,400.0,8.0,12.0
4654.0,13.0,170.0,360.0,8.0,13.0
4499.0,12.5,180.0,350.0,8.0,12.0
2789.0,15.0,100.0,232.0,6.0,18.0
2279.0,19.0,88.0,97.0,4.0,20.0
2401.0,19.5,72.0,140.0,4.0,21.0
2379.0,16.5,94.0,108.0,4.0,22.0
2124.0,13.5,90.0,70.0,3.0,18.0
2310.0,18.5,85.0,122.0,4.0,19.0
2472.0,14.0,107.0,155.0,6.0,21.0
2265.0,15.5,90.0,98.0,4.0,26.0
4082.0,13.0,145.0,350.0,8.0,15.0
4278.0,9.5,230.0,400.0,8.0,16.0
1867.0,19.5,49.0,68.0,4.0,29.0
2158.0,15.5,75.0,116.0,4.0,24.0
2582.0,14.0,91.0,114.0,4.0,20.0
2868.0,15.5,112.0,121.0,4.0,19.0
3399.0,11.0,150.0,318.0,8.0,15.0
2660.0,14.0,110.0,121.0,4.0,24.0
2807.0,13.5,122.0,156.0,6.0,20.0
3664.0,11.0,180.0,350.0,8.0,11.0
3102.0,16.5,95.0,198.0,6.0,20.0
17.0,200.0,6.0,21.0
2901.0,16.0,100.0,232.0,6.0,19.0
3336.0,17.0,100.0,250.0,6.0,15.0
1950.0,19.0,67.0,79.0,4.0,31.0
2451.0,16.5,80.0,122.0,4.0,26.0
1836.0,21.0,65.0,71.0,4.0,32.0
2542.0,17.0,75.0,140.0,4.0,25.0
3781.0,17.0,100.0,250.0,6.0,16.0
3632.0,18.0,110.0,258.0,6.0,16.0
3613.0,16.5,105.0,225.0,6.0,18.0
4141.0,14.0,140.0,302.0,8.0,16.0
4699.0,14.5,150.0,350.0,8.0,13.0
4457.0,13.5,150.0,318.0,8.0,14.0
4638.0,16.0,140.0,302.0,8.0,14.0
4257.0,15.5,150.0,304.0,8.0,14.0
2219.0,16.5,83.0,98.0,4.0,29.0
1963.0,15.5,67.0,79.0,4.0,26.0
2300.0,14.5,78.0,97.0,4.0,26.0
1649.0,16.5,52.0,76.0,4.0,31.0
2003.0,19.0,61.0,83.0,4.0,32.0
2125.0,14.5,75.0,90.0,4.0,28.0
2108.0,15.5,75.0,90.0,4.0,24.0
2246.0,14.0,75.0,116.0,4.0,26.0
2489.0,15.0,97.0,120.0,4.0,24.0
2391.0,15.5,93.0,108.0,4.0,26.0
2000.0,16.0,67.0,79.0,4.0,31.0
3264.0,16.0,95.0,225.0,6.0,19.0
3459.0,16.0,105.0,250.0,6.0,18.0
3432.0,21.0,72.0,250.0,6.0,15.0
3158.0,19.5,72.0,250.0,6.0,15.0
4668.0,11.5,170.0,400.0,8.0,16.0
4440.0,14.0,145.0,350.0,8.0,15.0
4498.0,14.5,150.0,318.0,8.0,16.0
4657.0,13.5,148.0,351.0,8.0,14.0
3907.0,21.0,110.0,231.0,6.0,17.0
3897.0,18.5,105.0,250.0,6.0,16.0
3730.0,19.0,110.0,258.0,6.0,15.0
3785.0,19.0,95.0,225.0,6.0,18.0
3039.0,15.0,110.0,231.0,6.0,21.0
3221.0,13.5,110.0,262.0,8.0,20.0
3169.0,12.0,129.0,302.0,8.0,13.0
2171.0,16.0,75.0,97.0,4.0,29.0
2639.0,17.0,83.0,140.0,4.0,23.0
2914.0,16.0,100.0,232.0,6.0,20.0
2592.0,18.5,78.0,140.0,4.0,23.0
2702.0,13.5,96.0,134.0,4.0,24.0
2223.0,16.5,71.0,90.0,4.0,25.0
2545.0,17.0,97.0,119.0,4.0,24.0
2984.0,14.5,97.0,171.0,6.0,18.0
1937.0,14.0,70.0,90.0,4.0,29.0
3211.0,17.0,90.0,232.0,6.0,19.0
2694.0,15.0,95.0,115.0,4.0,23.0
2957.0,17.0,88.0,120.0,4.0,23.0
2945.0,14.5,98.0,121.0,4.0,22.0
2671.0,13.5,115.0,121.0,4.0,25.0
1795.0,17.5,53.0,91.0,4.0,33.0
2464.0,15.5,86.0,107.0,4.0,28.0
2220.0,16.9,81.0,116.0,4.0,25.0
2572.0,14.9,92.0,140.0,4.0,25.0
2255.0,17.7,79.0,98.0,4.0,26.0
2202.0,15.3,83.0,101.0,4.0,27.0
4215.0,13.0,140.0,305.0,8.0,17.5
4190.0,13.0,150.0,318.0,8.0,16.0
3962.0,13.9,120.0,304.0,8.0,15.5
4215.0,12.8,152.0,351.0,8.0,14.5
3233.0,15.4,100.0,225.0,6.0,22.0
3353.0,14.5,105.0,250.0,6.0,22.0
3012.0,17.6,81.0,200.0,6.0,24.0
3085.0,17.6,90.0,232.0,6.0,22.5
2035.0,22.2,52.0,85.0,4.0,29.0
2164.0,22.1,60.0,98.0,4.0,24.5
1937.0,14.2,70.0,90.0,4.0,29.0
1795.0,17.4,53.0,91.0,4.0,33.0
3651.0,17.7,100.0,225.0,6.0,20.0
3574.0,21.0,78.0,250.0,6.0,18.0
3645.0,16.2,110.0,250.0,6.0,18.5
3193.0,17.8,95.0,258.0,6.0,17.5
1825.0,12.2,71.0,97.0,4.0,29.5
1990.0,17.0,70.0,85.0,4.0,32.0
2155.0,16.4,75.0,97.0,4.0,28.0
2565.0,13.6,72.0,140.0,4.0,26.5
3150.0,15.7,102.0,130.0,4.0,20.0
3940.0,13.2,150.0,318.0,8.0,13.0
3270.0,21.9,88.0,120.0,4.0,19.0
2930.0,15.5,108.0,156.0,6.0,19.0
3820.0,16.7,120.0,168.0,6.0,16.5
4380.0,12.1,180.0,350.0,8.0,16.5
4055.0,12.0,145.0,350.0,8.0,13.0
3870.0,15.0,130.0,302.0,8.0,13.0
3755.0,14.0,150.0,318.0,8.0,13.0
2045.0,18.5,68.0,98.0,4.0,31.5
2155.0,14.8,80.0,111.0,4.0,30.0
1825.0,18.6,58.0,79.0,4.0,36.0
2300.0,15.5,96.0,122.0,4.0,25.5
1945.0,16.8,70.0,85.0,4.0,33.5
3880.0,12.5,145.0,305.0,8.0,17.5
4060.0,19.0,110.0,260.0,8.0,17.0
4140.0,13.7,145.0,318.0,8.0,15.5
4295.0,14.9,130.0,302.0,8.0,15.0
3520.0,16.4,110.0,250.0,6.0,17.5
3425.0,16.9,105.0,231.0,6.0,20.5
3630.0,17.7,100.0,225.0,6.0,19.0
3525.0,19.0,98.0,250.0,6.0,18.5
4220.0,11.1,180.0,400.0,8.0,16.0
4165.0,11.4,170.0,350.0,8.0,15.5
4325.0,12.2,190.0,400.0,8.0,15.5
4335.0,14.5,149.0,351.0,8.0,16.0
1940.0,14.5,78.0,97.0,4.0,29.0
2740.0,16.0,88.0,151.0,4.0,24.5
2265.0,18.2,75.0,97.0,4.0,26.0
2755.0,15.8,89.0,140.0,4.0,25.5
2051.0,17.0,63.0,98.0,4.0,30.5
2075.0,15.9,83.0,98.0,4.0,33.5
1985.0,16.4,67.0,97.0,4.0,30.0
2190.0,14.1,78.0,97.0,4.0,30.5
2815.0,14.5,97.0,146.0,6.0,22.0
2600.0,12.8,110.0,121.0,4.0,21.5
2720.0,13.5,110.0,80.0,3.0,21.5
1985.0,21.5,48.0,90.0,4.0,43.1
1800.0,14.4,66.0,98.0,4.0,36.1
1985.0,19.4,52.0,78.0,4.0,32.8
2070.0,18.6,70.0,85.0,4.0,39.4
1800.0,16.4,60.0,91.0,4.0,36.1
3365.0,15.5,110.0,260.0,8.0,19.9
3735.0,13.2,140.0,318.0,8.0,19.4
3570.0,12.8,139.0,302.0,8.0,20.2
3535.0,19.2,105.0,231.0,6.0,19.2
3155.0,18.2,95.0,200.0,6.0,20.5
2965.0,15.8,85.0,200.0,6.0,20.2
2720.0,15.4,88.0,140.0,4.0,25.1
3430.0,17.2,100.0,225.0,6.0,20.5
3210.0,17.2,90.0,232.0,6.0,19.4
3380.0,15.8,105.0,231.0,6.0,20.6
3070.0,16.7,85.0,200.0,6.0,20.8
3620.0,18.7,110.0,225.0,6.0,18.6
3410.0,15.1,120.0,258.0,6.0,18.1
3425.0,13.2,145.0,305.0,8.0,19.2
3445.0,13.4,165.0,231.0,6.0,17.7
3205.0,11.2,139.0,302.0,8.0,18.1
4080.0,13.7,140.0,318.0,8.0,17.5
2155.0,16.5,68.0,98.0,4.0,30.0
2560.0,14.2,95.0,134.0,4.0,27.5
2300.0,14.7,97.0,119.0,4.0,27.2
2230.0,14.5,75.0,105.0,4.0,30.9
2515.0,14.8,95.0,134.0,4.0,21.1
2745.0,16.7,105.0,156.0,4.0,23.2
2855.0,17.6,85.0,151.0,4.0,23.8
2405.0,14.9,97.0,119.0,4.0,23.9
2830.0,15.9,103.0,131.0,5.0,20.3
3140.0,13.6,125.0,163.0,6.0,17.0
2795.0,15.7,115.0,121.0,4.0,21.6
3410.0,15.8,133.0,163.0,6.0,16.2
1990.0,14.9,71.0,89.0,4.0,31.5
2135.0,16.6,68.0,98.0,4.0,29.5
3245.0,15.4,115.0,231.0,6.0,21.5
2990.0,18.2,85.0,200.0,6.0,19.8
2890.0,17.3,88.0,140.0,4.0,22.3
3265.0,18.2,90.0,232.0,6.0,20.2
3360.0,16.6,110.0,225.0,6.0,20.6
3840.0,15.4,130.0,305.0,8.0,17.0
3725.0,13.4,129.0,302.0,8.0,17.6
3955.0,13.2,138.0,351.0,8.0,16.5
3830.0,15.2,135.0,318.0,8.0,18.2
4360.0,14.9,155.0,350.0,8.0,16.9
4054.0,14.3,142.0,351.0,8.0,15.5
3605.0,15.0,125.0,267.0,8.0,19.2
3940.0,13.0,150.0,360.0,8.0,18.5
1925.0,14.0,71.0,89.0,4.0,31.9
1975.0,15.2,65.0,86.0,4.0,34.1
1915.0,14.4,80.0,98.0,4.0,35.7
2670.0,15.0,80.0,121.0,4.0,27.4
3530.0,20.1,77.0,183.0,5.0,25.4
3900.0,17.4,125.0,350.0,8.0,23.0
3190.0,24.8,71.0,141.0,4.0,27.2
3420.0,22.2,90.0,260.0,8.0,23.9
2200.0,13.2,70.0,105.0,4.0,34.2
2150.0,14.9,70.0,105.0,4.0,34.5
2020.0,19.2,65.0,85.0,4.0,31.8
2130.0,14.7,69.0,91.0,4.0,37.3
2670.0,16.0,90.0,151.0,4.0,28.4
2595.0,11.3,115.0,173.0,6.0,28.8
2700.0,12.9,115.0,173.0,6.0,26.8
2556.0,13.2,90.0,151.0,4.0,33.5
2144.0,14.7,76.0,98.0,4.0,41.5
1968.0,18.8,60.0,89.0,4.0,38.1
2120.0,15.5,70.0,98.0,4.0,32.1
2019.0,16.4,65.0,86.0,4.0,37.2
2678.0,16.5,90.0,151.0,4.0,28.0
2870.0,18.1,88.0,140.0,4.0,26.4
3003.0,20.1,90.0,151.0,4.0,24.3
3381.0,18.7,90.0,225.0,6.0,19.1
2188.0,15.8,78.0,97.0,4.0,34.3
2711.0,15.5,90.0,134.0,4.0,29.8
2542.0,17.5,75.0,120.0,4.0,31.3
2434.0,15.0,92.0,119.0,4.0,37.0
2265.0,15.2,75.0,108.0,4.0,32.2
2110.0,17.9,65.0,86.0,4.0,46.6
2800.0,14.4,105.0,156.0,4.0,27.9
2110.0,19.2,65.0,85.0,4.0,40.8
2085.0,21.7,48.0,90.0,4.0,44.3
2335.0,23.7,48.0,90.0,4.0,43.4
2950.0,19.9,67.0,121.0,5.0,36.4
3250.0,21.8,67.0,146.0,4.0,30.0
1850.0,13.8,67.0,91.0,4.0,44.6
17.3,85.0,4.0,40.9
2145.0,18.0,67.0,97.0,4.0,33.8
1845.0,15.3,62.0,89.0,4.0,29.8
2910.0,11.4,132.0,168.0,6.0,32.7
2420.0,12.5,100.0,70.0,3.0,23.7
2500.0,15.1,88.0,122.0,4.0,35.0
14.3,140.0,4.0,23.6
2290.0,17.0,72.0,107.0,4.0,32.4
2490.0,15.7,84.0,135.0,4.0,27.2
2635.0,16.4,84.0,151.0,4.0,26.6
2620.0,14.4,92.0,156.0,4.0,25.8
2725.0,12.6,110.0,173.0,6.0,23.5
2385.0,12.9,84.0,135.0,4.0,30.0
1755.0,16.9,58.0,79.0,4.0,39.1
1875.0,16.4,64.0,86.0,4.0,39.0
1760.0,16.1,60.0,81.0,4.0,35.1
2065.0,17.8,67.0,97.0,4.0,32.3
1975.0,19.4,65.0,85.0,4.0,37.0
2050.0,17.3,62.0,89.0,4.0,37.7
1985.0,16.0,68.0,91.0,4.0,34.1
2215.0,14.9,63.0,105.0,4.0,34.7
2045.0,16.2,65.0,98.0,4.0,34.4
2380.0,20.7,65.0,98.0,4.0,29.9
2190.0,14.2,74.0,105.0,4.0,33.0
15.8,100.0,4.0,34.5
2210.0,14.4,75.0,107.0,4.0,33.7
2350.0,16.8,75.0,108.0,4.0,32.4
2615.0,14.8,100.0,119.0,4.0,32.9
2635.0,18.3,74.0,120.0,4.0,31.6
3230.0,20.4,80.0,141.0,4.0,28.1
3160.0,19.6,76.0,145.0,6.0,30.7
2900.0,12.6,116.0,168.0,6.0,25.4
2930.0,13.8,120.0,146.0,6.0,24.2
3415.0,15.8,110.0,231.0,6.0,22.4
3725.0,19.0,105.0,350.0,8.0,26.6
3060.0,17.1,88.0,200.0,6.0,20.2
3465.0,16.6,85.0,225.0,6.0,17.6
2605.0,19.6,88.0,112.0,4.0,28.0
2640.0,18.6,88.0,112.0,4.0,27.0
2395.0,18.0,88.0,112.0,4.0,34.0
2575.0,16.2,85.0,112.0,4.0,31.0
2525.0,16.0,84.0,135.0,4.0,29.0
2735.0,18.0,90.0,151.0,4.0,27.0
2865.0,16.4,92.0,140.0,4.0,24.0
20.5,151.0,4.0,23.0
1980.0,15.3,74.0,105.0,4.0,36.0
2025.0,18.2,68.0,91.0,4.0,37.0
1970.0,17.6,68.0,91.0,4.0,31.0
2125.0,14.7,63.0,105.0,4.0,38.0
2125.0,17.3,70.0,98.0,4.0,36.0
2160.0,14.5,88.0,120.0,4.0,36.0
2205.0,14.5,75.0,107.0,4.0,36.0
224.0,16.9,70.0,108.0,4.0,34.0
1965.0,15.0,67.0,91.0,4.0,38.0
1965.0,15.7,67.0,91.0,4.0,32.0
1995.0,16.2,67.0,91.0,4.0,38.0
2945.0,16.4,110.0,181.0,6.0,25.0
3015.0,17.0,85.0,262.0,6.0,38.0
2585.0,14.5,92.0,156.0,4.0,26.0
283.0,14.7,112.0,232.0,6.0,22.0
2665.0,13.9,96.0,144.0,4.0,32.0
2370.0,13.0,84.0,135.0,4.0,36.0
2950.0,17.3,90.0,151.0,4.0,27.0
2790.0,15.6,86.0,140.0,4.0,27.0
2130.0,24.6,52.0,97.0,4.0,44.0
2295.0,11.6,84.0,135.0,4.0,32.0
2625.0,18.6,79.0,120.0,4.0,28.0
2720.0,19.4,82.0,119.0,4.0,31.0
